(title "dX-Velocity/dy vs. X-Coordinate")
(labels "X-Coordinate" "dX-Velocity/dy")

((xy/key/label "bottom_wall_outlet")
0.15	43.0704
0.148575	42.7288
0.147169	42.765
0.145782	42.8138
0.144413	42.793
0.143062	42.8388
0.14173	42.8083
0.140415	42.8403
0.139117	42.8173
0.137836	42.8393
0.136573	42.8247
0.135326	42.8413
0.134096	42.835
0.132882	42.8507
0.131684	42.8528
0.130502	42.871
0.129336	42.8814
0.128185	42.9027
0.12705	42.9178
0.125929	42.9385
0.124824	42.9526
0.123733	42.9677
0.122657	42.974
0.121594	42.9773
0.120546	42.9718
0.119512	42.9617
0.118492	42.9439
0.117485	42.9218
0.116491	42.8943
0.115511	42.8645
0.114543	42.8321
0.113589	42.7998
0.112647	42.768
0.111717	42.7395
0.1108	42.7148
0.109895	42.6956
0.109002	42.6823
0.108121	42.6757
0.107252	42.6759
0.106394	42.6834
0.105547	42.6978
0.104712	42.719
0.103888	42.7467
0.103074	42.7803
0.102272	42.8194
0.10148	42.8633
0.100699	42.9113
0.0999277	42.963
0.0991669	43.0177
0.0984162	43.0747
0.0976755	43.1336
0.0969446	43.1938
0.0962234	43.255
0.0955117	43.3167
0.0948095	43.3787
0.0941166	43.4406
0.0934329	43.5024
0.0927582	43.5638
0.0920926	43.6249
0.0914357	43.6856
0.0907875	43.7459
0.090148	43.806
0.0895169	43.8659
0.0888942	43.9258
0.0882797	43.9856
0.0876734	44.0456
0.0870751	44.1057
0.0864848	44.166
0.0859023	44.2264
0.0853275	44.2868
0.0847604	44.3468
0.0842007	44.4063
0.0836485	44.4646
0.0831036	44.5212
0.0825659	44.5751
0.0820354	44.6253
0.0815119	44.6707
0.0809954	44.7097
0.0804856	44.7406
0.0799827	44.7616
0.0794864	44.7704
0.0789967	44.7646
0.0785135	44.7413
0.0780367	44.6978
0.0775663	44.6306
0.077102	44.5363
0.0766439	44.4112
0.0761919	44.2514
0.0757459	44.0526
0.0753058	43.8106
0.0748716	43.5211
0.0744431	43.1795
0.0740203	42.7813
0.0736031	42.3222
0.0731914	41.7977
0.0727852	41.2035
0.0723843	40.5359
0.0719888	39.791
0.0715986	38.9655
0.0712135	38.0565
0.0708335	37.0617
0.0704585	35.9791
0.0700885	34.8077
0.0697235	33.5468
0.0693632	32.1968
0.0690078	30.7583
0.0686571	29.2335
0.068311	27.6253
0.0679695	25.9353
0.0676325	24.1713
0.0673	22.3349
0.0669719	20.431
0.0666482	18.4692
0.0663287	16.4546
0.0660135	14.395
0.0657025	12.2986
0.0653956	10.1734
0.0650927	8.02825
0.0647939	5.87194
0.0644991	3.71269
0.0642081	1.561
0.063921	-0.572134
0.0636377	-2.68335
0.0633582	-4.76488
0.0630824	-6.80426
0.0628102	-8.79444
0.0625417	-10.7291
0.0622767	-12.6017
0.0620152	-14.4062
0.0617572	-16.1371
0.0615026	-17.7897
0.0612514	-19.3597
0.0610035	-20.8437
0.060759	-22.2387
0.0605176	-23.5426
0.0602795	-24.7537
0.0600445	-25.8708
0.0598126	-26.8936
0.0595838	-27.8219
0.059358	-28.6564
0.0591353	-29.3979
0.0589154	-30.0476
0.0586985	-30.6074
0.0584845	-31.0791
0.0582733	-31.4651
0.0580649	-31.7677
0.0578593	-31.9898
0.0576564	-32.134
0.0574562	-32.2033
0.0572587	-32.2009
0.0570637	-32.1297
0.0568714	-31.993
0.0566816	-31.7939
0.0564943	-31.5354
0.0563095	-31.2207
0.0561272	-30.8529
0.0559473	-30.4349
0.0557697	-29.9696
0.0555945	-29.46
0.0554217	-28.9087
0.0552511	-28.3184
0.0550828	-27.6916
0.0549167	-27.0308
0.0547529	-26.3384
0.0545912	-25.6165
0.0544316	-24.8672
0.0542742	-24.0925
0.0541188	-23.2943
0.0539655	-22.4743
0.0538143	-21.6342
0.053665	-20.7754
0.0535177	-19.8996
0.0533724	-19.008
0.053229	-18.102
0.0530875	-17.183
0.0529479	-16.2522
0.0528101	-15.3112
0.0526742	-14.3615
0.0525401	-13.4047
0.0524077	-12.4429
0.0522771	-11.4783
0.0521482	-10.5137
0.0520211	-9.55229
0.0518956	-8.5978
0.0517718	-7.65467
0.0516496	-6.72827
0.0515291	-5.82313
0.0514101	-4.94966
0.0512928	-4.11372
0.051177	-3.32108
0.0510627	-2.58468
0.0509499	-1.91375
0.0508386	-1.31908
0.0507288	-0.811017
0.0506205	-0.400916
0.0505136	-0.099529
0.0504081	0.0933567
0.050304	0.173699
0.0502013	0.158243
0.0501	0.0741944
0.05	0.0178953
)
